
OS-[[0,2],[0,3]]
ET-[[1,0],[0,0]]
DE-[[5,1],[4,1]]
ET-[[5,2],[4,2]]
ET-[[5,3],[4,3]]
SA-[[0,3],[1,4]]
CH-[[1,5],[2,5]]
ES-[[4,1],[3,2]]
ET-[[5,2],[4,3]]
NL-[[6,3],[5,4]]
ST-[[0,3],[1,3]]
SA-[[0,4],[1,4]]
ES-[[0,5],[0,4]]
AT-[[1,2],[1,3]]
CH-[[1,5],[2,4]]
NL-[[3,4],[3,5]]
ET-[[4,1],[4,2]]
EG-[[4,4],[4,5]]
DE-[[5,1],[5,2]]
AN-[[6,2],[6,3]]
SA-[[0,3],[1,2]]
ST-[[0,4],[1,3]]
AU-[[1,2],[2,3]]
CA-[[1,5],[1,4]]
ES-[[2,1],[3,2]]
UN-[[2,3],[3,4]]
LT-[[3,1],[4,2]]
ST-[[3,2],[4,3]]
DA-[[5,1],[6,2]]
NL-[[5,5],[5,4]]
ET-[[6,1],[6,0]]
ENG-[[6,5],[5,5],[4,5]]
SO-[[0,3],[0,2]]
ER-[[1,0],[2,0]]
TU-[[1,3],[2,3]]
ST-[[3,2],[4,2]]
ES-[[4,0],[5,0]]
ST-[[5,0],[6,0]]
DE-[[5,1],[6,1]]
ES-[[6,1],[5,0]]
AD-[[6,2],[5,1]]
AU-[[1,4],[2,3]]
US-[[2,3],[3,2]]
NT-[[3,4],[4,3]]
ES-[[4,1],[5,0]]
SEK-[[5,0],[4,0],[3,0]]
AT-[[1,4],[1,3]]
ER-[[2,1],[2,0]]
ET-[[4,4],[4,3]]
LT-[[1,1],[0,0]]
DE-[[5,1],[4,0]]
ET-[[5,3],[4,2]]
LT-[[5,4],[4,3]]
OST-[[0,2],[0,3],[1,3]]
SEE-[[5,0],[4,0],[4,1]]
SED-[[5,0],[4,0],[5,1]]
ENGL-[[6,5],[5,5],[4,5],[3,5]]
ENGL-[[6,5],[5,5],[4,5],[5,4]]
WAS-[[2,2],[1,2],[0,3]]
DES-[[5,1],[4,1],[3,2]]
ENGE-[[6,5],[5,5],[4,5],[4,4]]
AOL-[[1,2],[0,2],[1,1]]
AST-[[1,4],[0,4],[1,3]]
UTA-[[2,3],[1,3],[1,4]]
LEG-[[5,4],[4,4],[4,5]]
ASS-[[1,4],[0,4],[0,3]]
ENG-[[4,4],[3,4],[4,5]]
HAU-[[2,4],[1,4],[2,3]]
TFT-[[4,3],[3,3],[4,2]]
DES-[[5,1],[4,1],[5,0]]
EDEL-[[6,1],[5,1],[4,1],[3,1]]
WAL-[[2,2],[1,2],[1,1]]
UTA-[[2,3],[1,3],[1,2]]
HAT-[[2,4],[1,4],[1,3]]
HASE-[[2,4],[1,4],[0,4],[0,5]]
HAST-[[2,4],[1,4],[0,4],[1,3]]
NETT-[[6,3],[5,3],[4,3],[4,2]]
HASS-[[2,4],[1,4],[0,4],[0,3]]
SEKRET-[[5,0],[4,0],[3,0],[2,0],[1,0],[0,0]]
FUTSCH-[[3,3],[2,3],[1,3],[0,4],[1,5],[2,5]]
FUTSCH-[[3,3],[2,3],[1,3],[0,4],[1,5],[2,4]]
EDELST-[[6,1],[5,1],[4,1],[3,1],[3,2],[4,3]]
EDELST-[[6,1],[5,1],[4,1],[3,1],[3,2],[4,2]]
EDELSTE-[[6,1],[5,1],[4,1],[3,1],[3,2],[4,3],[4,4]]
EDELSTE-[[6,1],[5,1],[4,1],[3,1],[3,2],[4,3],[5,3]]
EDELSTE-[[6,1],[5,1],[4,1],[3,1],[3,2],[4,3],[5,2]]
EDELSTEN-[[6,1],[5,1],[4,1],[3,1],[3,2],[4,3],[4,4],[3,4]]
EDELSTEN-[[6,1],[5,1],[4,1],[3,1],[3,2],[4,3],[4,4],[5,5]]
EDELSTEN-[[6,1],[5,1],[4,1],[3,1],[3,2],[4,3],[5,3],[6,3]]
EDELSTEN-[[6,1],[5,1],[4,1],[3,1],[3,2],[4,3],[5,2],[6,3]]
EDELSTE-[[6,1],[5,1],[4,1],[3,1],[3,2],[4,2],[5,3]]
EDELSTE-[[6,1],[5,1],[4,1],[3,1],[3,2],[4,2],[5,2]]
EDELSTEN-[[6,1],[5,1],[4,1],[3,1],[3,2],[4,2],[5,3],[6,3]]
EDELSTEN-[[6,1],[5,1],[4,1],[3,1],[3,2],[4,2],[5,2],[6,3]]
HASST-[[2,4],[1,4],[0,4],[0,3],[1,3]]
ENGEN-[[6,5],[5,5],[4,5],[4,4],[3,4]]
ENGEL-[[6,5],[5,5],[4,5],[4,4],[3,5]]
ENGEL-[[6,5],[5,5],[4,5],[4,4],[5,4]]
ENGELN-[[6,5],[5,5],[4,5],[4,4],[3,5],[3,4]]
ASTA-[[1,4],[0,4],[1,3],[1,2]]
UTAS-[[2,3],[1,3],[1,4],[0,4]]
UTAS-[[2,3],[1,3],[1,4],[0,3]]
ENGELN-[[6,5],[5,5],[4,5],[4,4],[5,4],[6,3]]
HAHN-[[2,4],[1,4],[2,5],[3,4]]
LEAST-[[3,1],[2,1],[1,2],[0,3],[1,3]]
NETTE-[[6,3],[5,3],[4,3],[4,2],[5,2]]
NETTE-[[6,3],[5,3],[4,3],[4,2],[4,1]]
WATSCHLE-[[2,2],[1,2],[1,3],[0,4],[1,5],[2,5],[3,5],[4,4]]
WATSCHLE-[[2,2],[1,2],[1,3],[0,4],[1,5],[2,4],[3,5],[4,4]]
NETTES-[[6,3],[5,3],[4,3],[4,2],[4,1],[3,2]]
NETTES-[[6,3],[5,3],[4,3],[4,2],[4,1],[5,0]]
NETTEST-[[6,3],[5,3],[4,3],[4,2],[4,1],[5,0],[6,0]]
NETTESTE-[[6,3],[5,3],[4,3],[4,2],[4,1],[5,0],[6,0],[6,1]]
EKEL-[[4,0],[3,0],[2,1],[1,1]]
EKEL-[[4,0],[3,0],[2,1],[3,1]]
EKELE-[[4,0],[3,0],[2,1],[1,1],[1,0]]
EKELT-[[4,0],[3,0],[2,1],[1,1],[0,0]]
HAUT-[[2,4],[1,4],[2,3],[1,3]]
HAUS-[[2,4],[1,4],[2,3],[3,2]]
EKELTE-[[4,0],[3,0],[2,1],[1,1],[0,0],[1,0]]
ECHT-[[0,5],[1,5],[2,4],[1,3]]
HAUFEN-[[2,4],[1,4],[2,3],[3,3],[4,4],[3,4]]
HAUFEN-[[2,4],[1,4],[2,3],[3,3],[4,4],[5,5]]
HAUST-[[2,4],[1,4],[2,3],[3,2],[4,3]]
HAUST-[[2,4],[1,4],[2,3],[3,2],[4,2]]
HAUSE-[[2,4],[1,4],[2,3],[3,2],[4,1]]
HAUSE-[[2,4],[1,4],[2,3],[3,2],[2,1]]
HAUSTE-[[2,4],[1,4],[2,3],[3,2],[4,3],[4,4]]
HAUSTE-[[2,4],[1,4],[2,3],[3,2],[4,3],[5,3]]
HAUSTE-[[2,4],[1,4],[2,3],[3,2],[4,3],[5,2]]
HAUSTEN-[[2,4],[1,4],[2,3],[3,2],[4,3],[4,4],[3,4]]
HAUSTEN-[[2,4],[1,4],[2,3],[3,2],[4,3],[4,4],[5,5]]
HAUSTEN-[[2,4],[1,4],[2,3],[3,2],[4,3],[5,3],[6,3]]
HAUSTET-[[2,4],[1,4],[2,3],[3,2],[4,3],[5,3],[4,2]]
HAUSTET-[[2,4],[1,4],[2,3],[3,2],[4,3],[5,2],[4,2]]
HAUSTEN-[[2,4],[1,4],[2,3],[3,2],[4,3],[5,2],[6,3]]
HAUSTE-[[2,4],[1,4],[2,3],[3,2],[4,2],[5,3]]
HAUSTE-[[2,4],[1,4],[2,3],[3,2],[4,2],[5,2]]
HAUSTE-[[2,4],[1,4],[2,3],[3,2],[4,2],[4,1]]
HAUSTET-[[2,4],[1,4],[2,3],[3,2],[4,2],[5,3],[4,3]]
HAUSTEN-[[2,4],[1,4],[2,3],[3,2],[4,2],[5,3],[6,3]]
HAUSTET-[[2,4],[1,4],[2,3],[3,2],[4,2],[5,2],[4,3]]
HAUSTEN-[[2,4],[1,4],[2,3],[3,2],[4,2],[5,2],[6,3]]
HAUSTEST-[[2,4],[1,4],[2,3],[3,2],[4,2],[4,1],[5,0],[6,0]]
HAUSES-[[2,4],[1,4],[2,3],[3,2],[4,1],[5,0]]
ENGL-[[4,4],[3,4],[4,5],[3,5]]
ENGL-[[4,4],[3,4],[4,5],[5,4]]
HAUSEST-[[2,4],[1,4],[2,3],[3,2],[4,1],[5,0],[6,0]]
ASST-[[1,4],[0,4],[0,3],[1,3]]
SEATO-[[0,4],[0,5],[1,4],[1,3],[0,2]]
EKELS-[[4,0],[3,0],[2,1],[3,1],[3,2]]
EKELT-[[4,0],[3,0],[2,1],[3,1],[4,2]]
EKELE-[[4,0],[3,0],[2,1],[3,1],[4,1]]
ENTE-[[4,4],[3,4],[4,3],[5,3]]
ENTE-[[4,4],[3,4],[4,3],[5,2]]
EKELST-[[4,0],[3,0],[2,1],[3,1],[3,2],[4,3]]
EKELST-[[4,0],[3,0],[2,1],[3,1],[3,2],[4,2]]
FUSEL-[[3,3],[2,3],[3,2],[4,1],[3,1]]
SELTEN-[[5,0],[4,0],[3,1],[4,2],[5,3],[6,3]]
EKELTE-[[4,0],[3,0],[2,1],[3,1],[4,2],[5,3]]
EKELTE-[[4,0],[3,0],[2,1],[3,1],[4,2],[5,2]]
EKELTE-[[4,0],[3,0],[2,1],[3,1],[4,2],[4,1]]
SELTENE-[[5,0],[4,0],[3,1],[4,2],[5,3],[6,3],[6,4]]
SELTENE-[[5,0],[4,0],[3,1],[4,2],[5,3],[6,3],[5,2]]
SELTENEN-[[5,0],[4,0],[3,1],[4,2],[5,3],[6,3],[6,4],[5,5]]
SELTEN-[[5,0],[4,0],[3,1],[4,2],[5,2],[6,3]]
EKELTET-[[4,0],[3,0],[2,1],[3,1],[4,2],[5,3],[4,3]]
EKELTEN-[[4,0],[3,0],[2,1],[3,1],[4,2],[5,3],[6,3]]
EKELTET-[[4,0],[3,0],[2,1],[3,1],[4,2],[5,2],[4,3]]
EKELTEN-[[4,0],[3,0],[2,1],[3,1],[4,2],[5,2],[6,3]]
SELTENE-[[5,0],[4,0],[3,1],[4,2],[5,2],[6,3],[5,3]]
SELTENE-[[5,0],[4,0],[3,1],[4,2],[5,2],[6,3],[6,4]]
SELTENEN-[[5,0],[4,0],[3,1],[4,2],[5,2],[6,3],[6,4],[5,5]]
EKELTEST-[[4,0],[3,0],[2,1],[3,1],[4,2],[4,1],[3,2],[4,3]]
EKELTEST-[[4,0],[3,0],[2,1],[3,1],[4,2],[4,1],[5,0],[6,0]]
ENTEN-[[4,4],[3,4],[4,3],[5,3],[6,3]]
FUSEL-[[3,3],[2,3],[3,2],[2,1],[1,1]]
FUSEL-[[3,3],[2,3],[3,2],[2,1],[3,1]]
LEST-[[3,1],[2,1],[3,2],[4,3]]
LEST-[[3,1],[2,1],[3,2],[4,2]]
LESE-[[3,1],[2,1],[3,2],[4,1]]
ENTEN-[[4,4],[3,4],[4,3],[5,2],[6,3]]
EKLE-[[4,0],[3,0],[3,1],[2,1]]
EKLE-[[4,0],[3,0],[3,1],[4,1]]
UTAS-[[2,3],[1,3],[1,2],[0,3]]
LESUNG-[[3,1],[2,1],[3,2],[2,3],[3,4],[4,5]]
LESUNGEN-[[3,1],[2,1],[3,2],[2,3],[3,4],[4,5],[4,4],[5,5]]
SEES-[[5,0],[4,0],[4,1],[3,2]]
SEELE-[[5,0],[4,0],[4,1],[3,1],[2,1]]
LOS-[[1,1],[0,2],[0,3]]
LOT-[[1,1],[0,2],[1,3]]
LOST-[[1,1],[0,2],[0,3],[1,3]]
EDEN-[[6,1],[5,1],[5,2],[6,3]]
ENTSEELT-[[4,4],[3,4],[4,3],[3,2],[4,1],[4,0],[3,1],[4,2]]
ENTSEELTE-[[4,4],[3,4],[4,3],[3,2],[4,1],[4,0],[3,1],[4,2],[5,3]]
ENTSEELTE-[[4,4],[3,4],[4,3],[3,2],[4,1],[4,0],[3,1],[4,2],[5,2]]
ENTSEELTEN-[[4,4],[3,4],[4,3],[3,2],[4,1],[4,0],[3,1],[4,2],[5,3],[6,3]]
ENTSEELTEN-[[4,4],[3,4],[4,3],[3,2],[4,1],[4,0],[3,1],[4,2],[5,2],[6,3]]
WALE-[[2,2],[1,2],[1,1],[2,1]]
WALE-[[2,2],[1,2],[1,1],[1,0]]
WALZE-[[2,2],[1,2],[1,1],[0,1],[1,0]]
WALZT-[[2,2],[1,2],[1,1],[0,1],[0,0]]
ENTSEELT-[[4,4],[3,4],[4,3],[3,2],[2,1],[1,0],[1,1],[0,0]]
WALZER-[[2,2],[1,2],[1,1],[0,1],[1,0],[2,0]]
WALZTE-[[2,2],[1,2],[1,1],[0,1],[0,0],[1,0]]
ASS-[[1,2],[0,3],[0,4]]
AST-[[1,2],[0,3],[1,3]]
ASSE-[[1,2],[0,3],[0,4],[0,5]]
ASST-[[1,2],[0,3],[0,4],[1,3]]
WALES-[[2,2],[1,2],[1,1],[2,1],[3,2]]
SCHNEE-[[0,4],[1,5],[2,5],[3,4],[4,4],[5,3]]
HASS-[[2,4],[1,4],[0,3],[0,4]]
HAST-[[2,4],[1,4],[0,3],[1,3]]
HASSE-[[2,4],[1,4],[0,3],[0,4],[0,5]]
HASST-[[2,4],[1,4],[0,3],[0,4],[1,3]]
WALTE-[[2,2],[1,2],[1,1],[0,0],[1,0]]
WALTER-[[2,2],[1,2],[1,1],[0,0],[1,0],[2,0]]
SUN-[[3,2],[2,3],[3,4]]
SCHAH-[[0,4],[1,5],[2,5],[1,4],[2,4]]
SCHAU-[[0,4],[1,5],[2,5],[1,4],[2,3]]
LOTSE-[[1,1],[0,2],[1,3],[0,4],[0,5]]
SCHAUT-[[0,4],[1,5],[2,5],[1,4],[2,3],[1,3]]
ELKE-[[4,1],[3,1],[3,0],[2,1]]
ELKE-[[4,1],[3,1],[3,0],[4,0]]
SCHAUFEL-[[0,4],[1,5],[2,5],[1,4],[2,3],[3,3],[4,4],[3,5]]
SCHAUFEL-[[0,4],[1,5],[2,5],[1,4],[2,3],[3,3],[4,4],[5,4]]
SCHAUFELN-[[0,4],[1,5],[2,5],[1,4],[2,3],[3,3],[4,4],[3,5],[3,4]]
SCHAUFELN-[[0,4],[1,5],[2,5],[1,4],[2,3],[3,3],[4,4],[5,4],[5,5]]
SCHAUFELE-[[0,4],[1,5],[2,5],[1,4],[2,3],[3,3],[4,4],[5,4],[6,5]]
SCHAUFELE-[[0,4],[1,5],[2,5],[1,4],[2,3],[3,3],[4,4],[5,4],[6,4]]
SCHAUFELN-[[0,4],[1,5],[2,5],[1,4],[2,3],[3,3],[4,4],[5,4],[6,3]]
SCHAUFELE-[[0,4],[1,5],[2,5],[1,4],[2,3],[3,3],[4,4],[5,4],[5,3]]
SCHAUFELT-[[0,4],[1,5],[2,5],[1,4],[2,3],[3,3],[4,4],[5,4],[4,3]]
SCHAUFELTE-[[0,4],[1,5],[2,5],[1,4],[2,3],[3,3],[4,4],[5,4],[4,3],[5,3]]
SCHAUFELTE-[[0,4],[1,5],[2,5],[1,4],[2,3],[3,3],[4,4],[5,4],[4,3],[5,2]]
SCHAUFELTEN-[[0,4],[1,5],[2,5],[1,4],[2,3],[3,3],[4,4],[5,4],[4,3],[5,3],[6,3]]
SCHAUFELTET-[[0,4],[1,5],[2,5],[1,4],[2,3],[3,3],[4,4],[5,4],[4,3],[5,3],[4,2]]
SCHAUFELTET-[[0,4],[1,5],[2,5],[1,4],[2,3],[3,3],[4,4],[5,4],[4,3],[5,2],[4,2]]
SCHAUFELTEN-[[0,4],[1,5],[2,5],[1,4],[2,3],[3,3],[4,4],[5,4],[4,3],[5,2],[6,3]]
EKEL-[[4,0],[3,0],[4,1],[3,1]]
EKELE-[[4,0],[3,0],[4,1],[3,1],[2,1]]
EKELS-[[4,0],[3,0],[4,1],[3,1],[3,2]]
EKELT-[[4,0],[3,0],[4,1],[3,1],[4,2]]
SCHAUST-[[0,4],[1,5],[2,5],[1,4],[2,3],[3,2],[4,3]]
SCHAUST-[[0,4],[1,5],[2,5],[1,4],[2,3],[3,2],[4,2]]
TFT-[[4,2],[3,3],[4,3]]
LEER-[[3,1],[2,1],[1,0],[2,0]]
EKELST-[[4,0],[3,0],[4,1],[3,1],[3,2],[4,3]]
EKELST-[[4,0],[3,0],[4,1],[3,1],[3,2],[4,2]]
ELKES-[[4,1],[3,1],[3,0],[2,1],[3,2]]
ACH-[[1,4],[1,5],[2,5]]
ACH-[[1,4],[1,5],[2,4]]
SCHAH-[[0,4],[1,5],[2,4],[1,4],[2,5]]
SCHAU-[[0,4],[1,5],[2,4],[1,4],[2,3]]
SCHAUT-[[0,4],[1,5],[2,4],[1,4],[2,3],[1,3]]
EKELTE-[[4,0],[3,0],[4,1],[3,1],[4,2],[5,3]]
EKELTE-[[4,0],[3,0],[4,1],[3,1],[4,2],[5,2]]
SCHAUFEL-[[0,4],[1,5],[2,4],[1,4],[2,3],[3,3],[4,4],[3,5]]
SCHAUFEL-[[0,4],[1,5],[2,4],[1,4],[2,3],[3,3],[4,4],[5,4]]
SCHAUFELN-[[0,4],[1,5],[2,4],[1,4],[2,3],[3,3],[4,4],[3,5],[3,4]]
SCHAUFELN-[[0,4],[1,5],[2,4],[1,4],[2,3],[3,3],[4,4],[5,4],[5,5]]
SCHAUFELE-[[0,4],[1,5],[2,4],[1,4],[2,3],[3,3],[4,4],[5,4],[6,5]]
SCHAUFELE-[[0,4],[1,5],[2,4],[1,4],[2,3],[3,3],[4,4],[5,4],[6,4]]
SCHAUFELN-[[0,4],[1,5],[2,4],[1,4],[2,3],[3,3],[4,4],[5,4],[6,3]]
SCHAUFELE-[[0,4],[1,5],[2,4],[1,4],[2,3],[3,3],[4,4],[5,4],[5,3]]
SCHAUFELT-[[0,4],[1,5],[2,4],[1,4],[2,3],[3,3],[4,4],[5,4],[4,3]]
SCHAUFELTE-[[0,4],[1,5],[2,4],[1,4],[2,3],[3,3],[4,4],[5,4],[4,3],[5,3]]
SCHAUFELTE-[[0,4],[1,5],[2,4],[1,4],[2,3],[3,3],[4,4],[5,4],[4,3],[5,2]]
SCHAUFELTEN-[[0,4],[1,5],[2,4],[1,4],[2,3],[3,3],[4,4],[5,4],[4,3],[5,3],[6,3]]
SCHAUFELTET-[[0,4],[1,5],[2,4],[1,4],[2,3],[3,3],[4,4],[5,4],[4,3],[5,3],[4,2]]
SCHAUFELTET-[[0,4],[1,5],[2,4],[1,4],[2,3],[3,3],[4,4],[5,4],[4,3],[5,2],[4,2]]
SCHAUFELTEN-[[0,4],[1,5],[2,4],[1,4],[2,3],[3,3],[4,4],[5,4],[4,3],[5,2],[6,3]]
SCHAUST-[[0,4],[1,5],[2,4],[1,4],[2,3],[3,2],[4,3]]
SCHAUST-[[0,4],[1,5],[2,4],[1,4],[2,3],[3,2],[4,2]]
EKELTET-[[4,0],[3,0],[4,1],[3,1],[4,2],[5,3],[4,3]]
EKELTEN-[[4,0],[3,0],[4,1],[3,1],[4,2],[5,3],[6,3]]
EKELTET-[[4,0],[3,0],[4,1],[3,1],[4,2],[5,2],[4,3]]
EKELTEN-[[4,0],[3,0],[4,1],[3,1],[4,2],[5,2],[6,3]]
LETTE-[[5,4],[4,4],[4,3],[4,2],[5,3]]
LETTE-[[5,4],[4,4],[4,3],[4,2],[5,2]]
LETTE-[[5,4],[4,4],[4,3],[4,2],[4,1]]
ELKES-[[4,1],[3,1],[3,0],[4,0],[5,0]]
LETTEN-[[5,4],[4,4],[4,3],[4,2],[5,3],[6,3]]
LETTEN-[[5,4],[4,4],[4,3],[4,2],[5,2],[6,3]]
SAS-[[0,3],[1,4],[0,4]]
SAH-[[0,3],[1,4],[2,5]]
SAH-[[0,3],[1,4],[2,4]]
SAU-[[0,3],[1,4],[2,3]]
LEERLAUF-[[3,1],[2,1],[1,0],[2,0],[1,1],[1,2],[2,3],[3,3]]
LEERLAUFS-[[3,1],[2,1],[1,0],[2,0],[1,1],[1,2],[2,3],[3,3],[3,2]]
SCHNEE-[[0,4],[1,5],[2,4],[3,4],[4,4],[5,3]]
ASTA-[[1,2],[0,3],[1,3],[1,4]]
DEKRET-[[5,1],[4,1],[3,0],[2,0],[1,0],[0,0]]
ACHT-[[1,4],[1,5],[2,4],[1,3]]
SACHT-[[0,3],[1,4],[1,5],[2,4],[1,3]]
SCHUF-[[0,4],[1,5],[2,4],[2,3],[3,3]]
SCHUFT-[[0,4],[1,5],[2,4],[2,3],[3,3],[4,3]]
SCHUFT-[[0,4],[1,5],[2,4],[2,3],[3,3],[4,2]]
SCHUFEN-[[0,4],[1,5],[2,4],[2,3],[3,3],[4,4],[3,4]]
SCHUFEN-[[0,4],[1,5],[2,4],[2,3],[3,3],[4,4],[5,5]]
SCHUFTE-[[0,4],[1,5],[2,4],[2,3],[3,3],[4,3],[4,4]]
SCHUFTE-[[0,4],[1,5],[2,4],[2,3],[3,3],[4,3],[5,3]]
SCHUFTE-[[0,4],[1,5],[2,4],[2,3],[3,3],[4,3],[5,2]]
SCHUFTS-[[0,4],[1,5],[2,4],[2,3],[3,3],[4,3],[3,2]]
SCHUFTEN-[[0,4],[1,5],[2,4],[2,3],[3,3],[4,3],[4,4],[3,4]]
SCHUFTEN-[[0,4],[1,5],[2,4],[2,3],[3,3],[4,3],[4,4],[5,5]]
SCHUFTEN-[[0,4],[1,5],[2,4],[2,3],[3,3],[4,3],[5,3],[6,3]]
SCHUFTET-[[0,4],[1,5],[2,4],[2,3],[3,3],[4,3],[5,3],[4,2]]
SCHUFTETE-[[0,4],[1,5],[2,4],[2,3],[3,3],[4,3],[5,3],[4,2],[5,2]]
SCHUFTETE-[[0,4],[1,5],[2,4],[2,3],[3,3],[4,3],[5,3],[4,2],[4,1]]
SCHUFTETEN-[[0,4],[1,5],[2,4],[2,3],[3,3],[4,3],[5,3],[4,2],[5,2],[6,3]]
SCHUFTETEST-[[0,4],[1,5],[2,4],[2,3],[3,3],[4,3],[5,3],[4,2],[4,1],[5,0],[6,0]]
SCHUFTET-[[0,4],[1,5],[2,4],[2,3],[3,3],[4,3],[5,2],[4,2]]
SCHUFTEN-[[0,4],[1,5],[2,4],[2,3],[3,3],[4,3],[5,2],[6,3]]
SCHUFTETE-[[0,4],[1,5],[2,4],[2,3],[3,3],[4,3],[5,2],[4,2],[5,3]]
SCHUFTETE-[[0,4],[1,5],[2,4],[2,3],[3,3],[4,3],[5,2],[4,2],[4,1]]
SCHUFTETEN-[[0,4],[1,5],[2,4],[2,3],[3,3],[4,3],[5,2],[4,2],[5,3],[6,3]]
SCHUFTETEST-[[0,4],[1,5],[2,4],[2,3],[3,3],[4,3],[5,2],[4,2],[4,1],[5,0],[6,0]]
SCHUFTS-[[0,4],[1,5],[2,4],[2,3],[3,3],[4,2],[3,2]]
SCHUFTE-[[0,4],[1,5],[2,4],[2,3],[3,3],[4,2],[5,3]]
SCHUFTE-[[0,4],[1,5],[2,4],[2,3],[3,3],[4,2],[5,2]]
SCHUFTE-[[0,4],[1,5],[2,4],[2,3],[3,3],[4,2],[4,1]]
SCHUFTET-[[0,4],[1,5],[2,4],[2,3],[3,3],[4,2],[5,3],[4,3]]
SCHUFTEN-[[0,4],[1,5],[2,4],[2,3],[3,3],[4,2],[5,3],[6,3]]
SCHUFTETE-[[0,4],[1,5],[2,4],[2,3],[3,3],[4,2],[5,3],[4,3],[4,4]]
SCHUFTETE-[[0,4],[1,5],[2,4],[2,3],[3,3],[4,2],[5,3],[4,3],[5,2]]
SCHUFTETEN-[[0,4],[1,5],[2,4],[2,3],[3,3],[4,2],[5,3],[4,3],[4,4],[3,4]]
SCHUFTETEN-[[0,4],[1,5],[2,4],[2,3],[3,3],[4,2],[5,3],[4,3],[4,4],[5,5]]
SCHUFTETEN-[[0,4],[1,5],[2,4],[2,3],[3,3],[4,2],[5,3],[4,3],[5,2],[6,3]]
SCHUFTET-[[0,4],[1,5],[2,4],[2,3],[3,3],[4,2],[5,2],[4,3]]
SCHUFTEN-[[0,4],[1,5],[2,4],[2,3],[3,3],[4,2],[5,2],[6,3]]
SCHUFTETE-[[0,4],[1,5],[2,4],[2,3],[3,3],[4,2],[5,2],[4,3],[4,4]]
SCHUFTETE-[[0,4],[1,5],[2,4],[2,3],[3,3],[4,2],[5,2],[4,3],[5,3]]
SCHUFTETEN-[[0,4],[1,5],[2,4],[2,3],[3,3],[4,2],[5,2],[4,3],[4,4],[3,4]]
SCHUFTETEN-[[0,4],[1,5],[2,4],[2,3],[3,3],[4,2],[5,2],[4,3],[4,4],[5,5]]
SCHUFTETEN-[[0,4],[1,5],[2,4],[2,3],[3,3],[4,2],[5,2],[4,3],[5,3],[6,3]]
SCHUFTEST-[[0,4],[1,5],[2,4],[2,3],[3,3],[4,2],[4,1],[3,2],[4,3]]
SCHUFTEST-[[0,4],[1,5],[2,4],[2,3],[3,3],[4,2],[4,1],[5,0],[6,0]]
SCHUFST-[[0,4],[1,5],[2,4],[2,3],[3,3],[3,2],[4,3]]
SCHUFST-[[0,4],[1,5],[2,4],[2,3],[3,3],[3,2],[4,2]]
NETT-[[6,3],[5,3],[4,2],[4,3]]
SAHN-[[0,3],[1,4],[2,5],[3,4]]
SET-[[5,0],[4,1],[4,2]]
SEE-[[5,0],[4,1],[5,2]]
SED-[[5,0],[4,1],[5,1]]
SEE-[[5,0],[4,1],[4,0]]
SEK-[[5,0],[4,1],[3,0]]
EDEL-[[6,1],[5,1],[4,0],[3,1]]
TAU-[[1,3],[1,4],[2,3]]
SAHNE-[[0,3],[1,4],[2,5],[3,4],[4,4]]
SAHNT-[[0,3],[1,4],[2,5],[3,4],[4,3]]
SAHNEN-[[0,3],[1,4],[2,5],[3,4],[4,4],[5,5]]
NETTE-[[6,3],[5,3],[4,2],[4,3],[4,4]]
NETTE-[[6,3],[5,3],[4,2],[4,3],[5,2]]
SAHNTE-[[0,3],[1,4],[2,5],[3,4],[4,3],[4,4]]
SAHNTE-[[0,3],[1,4],[2,5],[3,4],[4,3],[5,3]]
SAHNTE-[[0,3],[1,4],[2,5],[3,4],[4,3],[5,2]]
SAHNTEN-[[0,3],[1,4],[2,5],[3,4],[4,3],[4,4],[5,5]]
SAHNTEN-[[0,3],[1,4],[2,5],[3,4],[4,3],[5,3],[6,3]]
SAHNTET-[[0,3],[1,4],[2,5],[3,4],[4,3],[5,3],[4,2]]
EDELST-[[6,1],[5,1],[4,0],[3,1],[3,2],[4,3]]
EDELST-[[6,1],[5,1],[4,0],[3,1],[3,2],[4,2]]
SAHNTET-[[0,3],[1,4],[2,5],[3,4],[4,3],[5,2],[4,2]]
SAHNTEN-[[0,3],[1,4],[2,5],[3,4],[4,3],[5,2],[6,3]]
NETTEN-[[6,3],[5,3],[4,2],[4,3],[4,4],[3,4]]
NETTEN-[[6,3],[5,3],[4,2],[4,3],[4,4],[5,5]]
EDELSTE-[[6,1],[5,1],[4,0],[3,1],[3,2],[4,3],[4,4]]
EDELSTE-[[6,1],[5,1],[4,0],[3,1],[3,2],[4,3],[5,3]]
EDELSTE-[[6,1],[5,1],[4,0],[3,1],[3,2],[4,3],[5,2]]
EDELSTEN-[[6,1],[5,1],[4,0],[3,1],[3,2],[4,3],[4,4],[3,4]]
EDELSTEN-[[6,1],[5,1],[4,0],[3,1],[3,2],[4,3],[4,4],[5,5]]
EDELSTEN-[[6,1],[5,1],[4,0],[3,1],[3,2],[4,3],[5,3],[6,3]]
EDELSTEN-[[6,1],[5,1],[4,0],[3,1],[3,2],[4,3],[5,2],[6,3]]
EDELSTE-[[6,1],[5,1],[4,0],[3,1],[3,2],[4,2],[5,3]]
EDELSTE-[[6,1],[5,1],[4,0],[3,1],[3,2],[4,2],[5,2]]
EDELSTE-[[6,1],[5,1],[4,0],[3,1],[3,2],[4,2],[4,1]]
EDELSTEN-[[6,1],[5,1],[4,0],[3,1],[3,2],[4,2],[5,3],[6,3]]
EDELSTEN-[[6,1],[5,1],[4,0],[3,1],[3,2],[4,2],[5,2],[6,3]]
EDELSTES-[[6,1],[5,1],[4,0],[3,1],[3,2],[4,2],[4,1],[5,0]]
ACHTUNG-[[1,4],[1,5],[2,4],[1,3],[2,3],[3,4],[4,5]]
ACHTUNGEN-[[1,4],[1,5],[2,4],[1,3],[2,3],[3,4],[4,5],[4,4],[5,5]]
SELTEN-[[5,0],[4,1],[3,1],[4,2],[5,3],[6,3]]
SELTENE-[[5,0],[4,1],[3,1],[4,2],[5,3],[6,3],[6,4]]
SELTENE-[[5,0],[4,1],[3,1],[4,2],[5,3],[6,3],[5,2]]
SELTENEN-[[5,0],[4,1],[3,1],[4,2],[5,3],[6,3],[6,4],[5,5]]
SELTEN-[[5,0],[4,1],[3,1],[4,2],[5,2],[6,3]]
SELTENE-[[5,0],[4,1],[3,1],[4,2],[5,2],[6,3],[5,3]]
SELTENE-[[5,0],[4,1],[3,1],[4,2],[5,2],[6,3],[6,4]]
SAHN-[[0,3],[1,4],[2,4],[3,4]]
SAHT-[[0,3],[1,4],[2,4],[1,3]]
SELTENEN-[[5,0],[4,1],[3,1],[4,2],[5,2],[6,3],[6,4],[5,5]]
ENG-[[6,4],[5,5],[4,5]]
ENGL-[[6,4],[5,5],[4,5],[3,5]]
ENGL-[[6,4],[5,5],[4,5],[5,4]]
ENGE-[[6,4],[5,5],[4,5],[4,4]]
CHAT-[[1,5],[2,5],[1,4],[1,3]]
SAHNE-[[0,3],[1,4],[2,4],[3,4],[4,4]]
SAHNT-[[0,3],[1,4],[2,4],[3,4],[4,3]]
SAHNEN-[[0,3],[1,4],[2,4],[3,4],[4,4],[5,5]]
LAS-[[1,1],[1,2],[0,3]]
LAU-[[1,1],[1,2],[2,3]]
LAOS-[[1,1],[1,2],[0,2],[0,3]]
SAHNTE-[[0,3],[1,4],[2,4],[3,4],[4,3],[4,4]]
SAHNTE-[[0,3],[1,4],[2,4],[3,4],[4,3],[5,3]]
SAHNTE-[[0,3],[1,4],[2,4],[3,4],[4,3],[5,2]]
SAHNTEN-[[0,3],[1,4],[2,4],[3,4],[4,3],[4,4],[5,5]]
SAHNTEN-[[0,3],[1,4],[2,4],[3,4],[4,3],[5,3],[6,3]]
SAHNTET-[[0,3],[1,4],[2,4],[3,4],[4,3],[5,3],[4,2]]
SAHNTET-[[0,3],[1,4],[2,4],[3,4],[4,3],[5,2],[4,2]]
SAHNTEN-[[0,3],[1,4],[2,4],[3,4],[4,3],[5,2],[6,3]]
SAH-[[0,4],[1,4],[2,5]]
SAH-[[0,4],[1,4],[2,4]]
SAU-[[0,4],[1,4],[2,3]]
SAS-[[0,4],[1,4],[0,3]]
ENGEN-[[6,4],[5,5],[4,5],[4,4],[3,4]]
ENGEL-[[6,4],[5,5],[4,5],[4,4],[3,5]]
ENGEL-[[6,4],[5,5],[4,5],[4,4],[5,4]]
ENGELN-[[6,4],[5,5],[4,5],[4,4],[3,5],[3,4]]
ENGELN-[[6,4],[5,5],[4,5],[4,4],[5,4],[6,3]]
LASS-[[1,1],[1,2],[0,3],[0,4]]
LAST-[[1,1],[1,2],[0,3],[1,3]]
LASSE-[[1,1],[1,2],[0,3],[0,4],[0,5]]
LASST-[[1,1],[1,2],[0,3],[0,4],[1,3]]
AHLE-[[1,4],[2,5],[3,5],[4,4]]
SACHT-[[0,4],[1,4],[1,5],[2,4],[1,3]]
CHATS-[[1,5],[2,5],[1,4],[1,3],[0,3]]
CHATS-[[1,5],[2,5],[1,4],[1,3],[0,4]]
AHLEN-[[1,4],[2,5],[3,5],[4,4],[3,4]]
AHLEN-[[1,4],[2,5],[3,5],[4,4],[5,5]]
SAHN-[[0,4],[1,4],[2,5],[3,4]]
WUT-[[2,2],[2,3],[1,3]]
SAUT-[[0,3],[1,4],[2,3],[1,3]]
SETS-[[5,0],[4,1],[4,2],[3,2]]
ZAUN-[[0,1],[1,2],[2,3],[3,4]]
CHAT-[[1,5],[2,4],[1,4],[1,3]]
SAHNE-[[0,4],[1,4],[2,5],[3,4],[4,4]]
SAHNT-[[0,4],[1,4],[2,5],[3,4],[4,3]]
TEL-[[4,3],[4,4],[3,5]]
TEL-[[4,3],[4,4],[5,4]]
TEE-[[4,3],[4,4],[5,3]]
SAHNEN-[[0,4],[1,4],[2,5],[3,4],[4,4],[5,5]]
SAHNTE-[[0,4],[1,4],[2,5],[3,4],[4,3],[4,4]]
SAHNTE-[[0,4],[1,4],[2,5],[3,4],[4,3],[5,3]]
SAHNTE-[[0,4],[1,4],[2,5],[3,4],[4,3],[5,2]]
SAHNTEN-[[0,4],[1,4],[2,5],[3,4],[4,3],[4,4],[5,5]]
SAHNTEN-[[0,4],[1,4],[2,5],[3,4],[4,3],[5,3],[6,3]]
SAHNTET-[[0,4],[1,4],[2,5],[3,4],[4,3],[5,3],[4,2]]
SAHNTET-[[0,4],[1,4],[2,5],[3,4],[4,3],[5,2],[4,2]]
SAHNTEN-[[0,4],[1,4],[2,5],[3,4],[4,3],[5,2],[6,3]]
ATHLET-[[1,2],[1,3],[2,4],[3,5],[4,4],[4,3]]
SAUFE-[[0,3],[1,4],[2,3],[3,3],[4,4]]
SAUFT-[[0,3],[1,4],[2,3],[3,3],[4,3]]
SAUFT-[[0,3],[1,4],[2,3],[3,3],[4,2]]
ATHLETEN-[[1,2],[1,3],[2,4],[3,5],[4,4],[4,3],[5,3],[6,3]]
ATHLETEN-[[1,2],[1,3],[2,4],[3,5],[4,4],[4,3],[5,2],[6,3]]
SAUFEN-[[0,3],[1,4],[2,3],[3,3],[4,4],[3,4]]
SAUFEN-[[0,3],[1,4],[2,3],[3,3],[4,4],[5,5]]
AHNE-[[1,4],[2,5],[3,4],[4,4]]
AHNT-[[1,4],[2,5],[3,4],[4,3]]
CHATS-[[1,5],[2,4],[1,4],[1,3],[0,3]]
CHATS-[[1,5],[2,4],[1,4],[1,3],[0,4]]
SAUST-[[0,3],[1,4],[2,3],[3,2],[4,3]]
SAUST-[[0,3],[1,4],[2,3],[3,2],[4,2]]
SAUSE-[[0,3],[1,4],[2,3],[3,2],[4,1]]
SAUSE-[[0,3],[1,4],[2,3],[3,2],[2,1]]
TAUFE-[[1,3],[1,4],[2,3],[3,3],[4,4]]
TAUFT-[[1,3],[1,4],[2,3],[3,3],[4,3]]
TAUFT-[[1,3],[1,4],[2,3],[3,3],[4,2]]
SAUSTE-[[0,3],[1,4],[2,3],[3,2],[4,3],[4,4]]
SAUSTE-[[0,3],[1,4],[2,3],[3,2],[4,3],[5,3]]
SAUSTE-[[0,3],[1,4],[2,3],[3,2],[4,3],[5,2]]
SAUSTEN-[[0,3],[1,4],[2,3],[3,2],[4,3],[4,4],[3,4]]
SAUSTEN-[[0,3],[1,4],[2,3],[3,2],[4,3],[4,4],[5,5]]
TAUFEN-[[1,3],[1,4],[2,3],[3,3],[4,4],[3,4]]
TAUFEN-[[1,3],[1,4],[2,3],[3,3],[4,4],[5,5]]
SAUSTEN-[[0,3],[1,4],[2,3],[3,2],[4,3],[5,3],[6,3]]
SAUSTET-[[0,3],[1,4],[2,3],[3,2],[4,3],[5,3],[4,2]]
SAUSTET-[[0,3],[1,4],[2,3],[3,2],[4,3],[5,2],[4,2]]
SAUSTEN-[[0,3],[1,4],[2,3],[3,2],[4,3],[5,2],[6,3]]
SAUSTE-[[0,3],[1,4],[2,3],[3,2],[4,2],[5,3]]
SAUSTE-[[0,3],[1,4],[2,3],[3,2],[4,2],[5,2]]
SAUSTE-[[0,3],[1,4],[2,3],[3,2],[4,2],[4,1]]
TAUFTE-[[1,3],[1,4],[2,3],[3,3],[4,3],[4,4]]
TAUFTE-[[1,3],[1,4],[2,3],[3,3],[4,3],[5,3]]
TAUFTE-[[1,3],[1,4],[2,3],[3,3],[4,3],[5,2]]
SAUSTET-[[0,3],[1,4],[2,3],[3,2],[4,2],[5,3],[4,3]]
SAUSTEN-[[0,3],[1,4],[2,3],[3,2],[4,2],[5,3],[6,3]]
TAUFTEN-[[1,3],[1,4],[2,3],[3,3],[4,3],[4,4],[3,4]]
TAUFTEN-[[1,3],[1,4],[2,3],[3,3],[4,3],[4,4],[5,5]]
SAUSTET-[[0,3],[1,4],[2,3],[3,2],[4,2],[5,2],[4,3]]
SAUSTEN-[[0,3],[1,4],[2,3],[3,2],[4,2],[5,2],[6,3]]
TAUFTEN-[[1,3],[1,4],[2,3],[3,3],[4,3],[5,3],[6,3]]
TAUFTET-[[1,3],[1,4],[2,3],[3,3],[4,3],[5,3],[4,2]]
TAUFTET-[[1,3],[1,4],[2,3],[3,3],[4,3],[5,2],[4,2]]
TAUFTEN-[[1,3],[1,4],[2,3],[3,3],[4,3],[5,2],[6,3]]
SAUSTEST-[[0,3],[1,4],[2,3],[3,2],[4,2],[4,1],[5,0],[6,0]]
SAHN-[[0,4],[1,4],[2,4],[3,4]]
SAHT-[[0,4],[1,4],[2,4],[1,3]]
TAUFTE-[[1,3],[1,4],[2,3],[3,3],[4,2],[5,3]]
TAUFTE-[[1,3],[1,4],[2,3],[3,3],[4,2],[5,2]]
TAUFTE-[[1,3],[1,4],[2,3],[3,3],[4,2],[4,1]]
TAUFTET-[[1,3],[1,4],[2,3],[3,3],[4,2],[5,3],[4,3]]
TAUFTEN-[[1,3],[1,4],[2,3],[3,3],[4,2],[5,3],[6,3]]
TAUFTET-[[1,3],[1,4],[2,3],[3,3],[4,2],[5,2],[4,3]]
TAUFTEN-[[1,3],[1,4],[2,3],[3,3],[4,2],[5,2],[6,3]]
SAUSEST-[[0,3],[1,4],[2,3],[3,2],[4,1],[5,0],[6,0]]
EWU-[[2,1],[2,2],[2,3]]
EWS-[[2,1],[2,2],[3,2]]
TAUFTEST-[[1,3],[1,4],[2,3],[3,3],[4,2],[4,1],[3,2],[4,3]]
TAUFTEST-[[1,3],[1,4],[2,3],[3,3],[4,2],[4,1],[5,0],[6,0]]
TAUFST-[[1,3],[1,4],[2,3],[3,3],[3,2],[4,3]]
TAUFST-[[1,3],[1,4],[2,3],[3,3],[3,2],[4,2]]
TAUST-[[1,3],[1,4],[2,3],[3,2],[4,3]]
TAUST-[[1,3],[1,4],[2,3],[3,2],[4,2]]
AHNEN-[[1,4],[2,5],[3,4],[4,4],[5,5]]
LAUT-[[1,1],[1,2],[2,3],[1,3]]
LAUF-[[1,1],[1,2],[2,3],[3,3]]
LAUS-[[1,1],[1,2],[2,3],[3,2]]
LAUTS-[[1,1],[1,2],[2,3],[1,3],[0,3]]
LAUTS-[[1,1],[1,2],[2,3],[1,3],[0,4]]
SAHNE-[[0,4],[1,4],[2,4],[3,4],[4,4]]
SAHNT-[[0,4],[1,4],[2,4],[3,4],[4,3]]
ESEL-[[4,1],[3,2],[2,1],[1,1]]
ESEL-[[4,1],[3,2],[2,1],[3,1]]
SAHNEN-[[0,4],[1,4],[2,4],[3,4],[4,4],[5,5]]
AHNTE-[[1,4],[2,5],[3,4],[4,3],[4,4]]
AHNTE-[[1,4],[2,5],[3,4],[4,3],[5,3]]
AHNTE-[[1,4],[2,5],[3,4],[4,3],[5,2]]
SAHNTE-[[0,4],[1,4],[2,4],[3,4],[4,3],[4,4]]
SAHNTE-[[0,4],[1,4],[2,4],[3,4],[4,3],[5,3]]
SAHNTE-[[0,4],[1,4],[2,4],[3,4],[4,3],[5,2]]
AHNTEN-[[1,4],[2,5],[3,4],[4,3],[4,4],[5,5]]
SAHNTEN-[[0,4],[1,4],[2,4],[3,4],[4,3],[4,4],[5,5]]
SAHNTEN-[[0,4],[1,4],[2,4],[3,4],[4,3],[5,3],[6,3]]
SAHNTET-[[0,4],[1,4],[2,4],[3,4],[4,3],[5,3],[4,2]]
SAHNTET-[[0,4],[1,4],[2,4],[3,4],[4,3],[5,2],[4,2]]
SAHNTEN-[[0,4],[1,4],[2,4],[3,4],[4,3],[5,2],[6,3]]
AHNTEN-[[1,4],[2,5],[3,4],[4,3],[5,3],[6,3]]
AHNTET-[[1,4],[2,5],[3,4],[4,3],[5,3],[4,2]]
AHNTET-[[1,4],[2,5],[3,4],[4,3],[5,2],[4,2]]
AHNTEN-[[1,4],[2,5],[3,4],[4,3],[5,2],[6,3]]
SEEN-[[5,0],[4,1],[5,2],[6,3]]
TAUWERK-[[1,3],[1,4],[2,3],[2,2],[2,1],[2,0],[3,0]]
TAUWERKE-[[1,3],[1,4],[2,3],[2,2],[2,1],[2,0],[3,0],[4,1]]
TAUWERKE-[[1,3],[1,4],[2,3],[2,2],[2,1],[2,0],[3,0],[4,0]]
LAUNE-[[1,1],[1,2],[2,3],[3,4],[4,4]]
TASSE-[[1,3],[1,4],[0,3],[0,4],[0,5]]
LAUNEN-[[1,1],[1,2],[2,3],[3,4],[4,4],[5,5]]
LAUFE-[[1,1],[1,2],[2,3],[3,3],[4,4]]
LAUFT-[[1,1],[1,2],[2,3],[3,3],[4,3]]
LAUFT-[[1,1],[1,2],[2,3],[3,3],[4,2]]
LAUFS-[[1,1],[1,2],[2,3],[3,3],[3,2]]
LAUFEN-[[1,1],[1,2],[2,3],[3,3],[4,4],[3,4]]
LAUFEN-[[1,1],[1,2],[2,3],[3,3],[4,4],[5,5]]
LAUFSTEG-[[1,1],[1,2],[2,3],[3,3],[3,2],[4,3],[4,4],[4,5]]
LEG-[[3,5],[4,4],[4,5]]
LAUFWERK-[[1,1],[1,2],[2,3],[3,3],[2,2],[2,1],[2,0],[3,0]]
LAUFWERKE-[[1,1],[1,2],[2,3],[3,3],[2,2],[2,1],[2,0],[3,0],[4,1]]
LAUFWERKE-[[1,1],[1,2],[2,3],[3,3],[2,2],[2,1],[2,0],[3,0],[4,0]]
LAUFWERKES-[[1,1],[1,2],[2,3],[3,3],[2,2],[2,1],[2,0],[3,0],[4,1],[3,2]]
LAUFWERKES-[[1,1],[1,2],[2,3],[3,3],[2,2],[2,1],[2,0],[3,0],[4,1],[5,0]]
LAUFWERKES-[[1,1],[1,2],[2,3],[3,3],[2,2],[2,1],[2,0],[3,0],[4,0],[5,0]]
LAUST-[[1,1],[1,2],[2,3],[3,2],[4,3]]
LAUST-[[1,1],[1,2],[2,3],[3,2],[4,2]]
LAUSE-[[1,1],[1,2],[2,3],[3,2],[4,1]]
LAUSE-[[1,1],[1,2],[2,3],[3,2],[2,1]]
KELTEN-[[3,0],[2,1],[3,1],[4,2],[5,3],[6,3]]
KELTEN-[[3,0],[2,1],[3,1],[4,2],[5,2],[6,3]]
LAUSTE-[[1,1],[1,2],[2,3],[3,2],[4,3],[4,4]]
LAUSTE-[[1,1],[1,2],[2,3],[3,2],[4,3],[5,3]]
LAUSTE-[[1,1],[1,2],[2,3],[3,2],[4,3],[5,2]]
LAUSTEN-[[1,1],[1,2],[2,3],[3,2],[4,3],[4,4],[3,4]]
LAUSTEN-[[1,1],[1,2],[2,3],[3,2],[4,3],[4,4],[5,5]]
LAUSTEN-[[1,1],[1,2],[2,3],[3,2],[4,3],[5,3],[6,3]]
LAUSTET-[[1,1],[1,2],[2,3],[3,2],[4,3],[5,3],[4,2]]
LAUSTET-[[1,1],[1,2],[2,3],[3,2],[4,3],[5,2],[4,2]]
LAUSTEN-[[1,1],[1,2],[2,3],[3,2],[4,3],[5,2],[6,3]]
LAUSTE-[[1,1],[1,2],[2,3],[3,2],[4,2],[5,3]]
LAUSTE-[[1,1],[1,2],[2,3],[3,2],[4,2],[5,2]]
LAUSTE-[[1,1],[1,2],[2,3],[3,2],[4,2],[4,1]]
LAUSTET-[[1,1],[1,2],[2,3],[3,2],[4,2],[5,3],[4,3]]
LAUSTEN-[[1,1],[1,2],[2,3],[3,2],[4,2],[5,3],[6,3]]
LAUSTET-[[1,1],[1,2],[2,3],[3,2],[4,2],[5,2],[4,3]]
LAUSTEN-[[1,1],[1,2],[2,3],[3,2],[4,2],[5,2],[6,3]]
LAUSTES-[[1,1],[1,2],[2,3],[3,2],[4,2],[4,1],[5,0]]
LAUSTEST-[[1,1],[1,2],[2,3],[3,2],[4,2],[4,1],[5,0],[6,0]]
LAUSEST-[[1,1],[1,2],[2,3],[3,2],[4,1],[5,0],[6,0]]
SAUT-[[0,4],[1,4],[2,3],[1,3]]
KERL-[[3,0],[2,1],[2,0],[1,1]]
KERL-[[3,0],[2,1],[2,0],[3,1]]
KERLE-[[3,0],[2,1],[2,0],[1,1],[1,0]]
KERLS-[[3,0],[2,1],[2,0],[3,1],[3,2]]
KERLE-[[3,0],[2,1],[2,0],[3,1],[4,1]]
KERLE-[[3,0],[2,1],[2,0],[3,1],[4,0]]
ELKE-[[4,0],[3,1],[3,0],[2,1]]
ELKE-[[4,0],[3,1],[3,0],[4,1]]
SAUFE-[[0,4],[1,4],[2,3],[3,3],[4,4]]
SAUFT-[[0,4],[1,4],[2,3],[3,3],[4,3]]
SAUFT-[[0,4],[1,4],[2,3],[3,3],[4,2]]
WUST-[[2,2],[2,3],[3,2],[4,3]]
WUST-[[2,2],[2,3],[3,2],[4,2]]
SAUFEN-[[0,4],[1,4],[2,3],[3,3],[4,4],[3,4]]
SAUFEN-[[0,4],[1,4],[2,3],[3,3],[4,4],[5,5]]
ELKES-[[4,0],[3,1],[3,0],[2,1],[3,2]]
STAU-[[0,3],[1,3],[1,4],[2,3]]
REAL-[[2,0],[2,1],[1,2],[1,1]]
SAUST-[[0,4],[1,4],[2,3],[3,2],[4,3]]
SAUST-[[0,4],[1,4],[2,3],[3,2],[4,2]]
SAUSE-[[0,4],[1,4],[2,3],[3,2],[4,1]]
SAUSE-[[0,4],[1,4],[2,3],[3,2],[2,1]]
FEE-[[3,3],[4,4],[5,3]]
STACH-[[0,3],[1,3],[1,4],[1,5],[2,5]]
STACH-[[0,3],[1,3],[1,4],[1,5],[2,4]]
STACHLE-[[0,3],[1,3],[1,4],[1,5],[2,5],[3,5],[4,4]]
SAUSTE-[[0,4],[1,4],[2,3],[3,2],[4,3],[4,4]]
SAUSTE-[[0,4],[1,4],[2,3],[3,2],[4,3],[5,3]]
SAUSTE-[[0,4],[1,4],[2,3],[3,2],[4,3],[5,2]]
SAUSTEN-[[0,4],[1,4],[2,3],[3,2],[4,3],[4,4],[3,4]]
SAUSTEN-[[0,4],[1,4],[2,3],[3,2],[4,3],[4,4],[5,5]]
SAUSTEN-[[0,4],[1,4],[2,3],[3,2],[4,3],[5,3],[6,3]]
SAUSTET-[[0,4],[1,4],[2,3],[3,2],[4,3],[5,3],[4,2]]
STACHLE-[[0,3],[1,3],[1,4],[1,5],[2,4],[3,5],[4,4]]
SAUSTET-[[0,4],[1,4],[2,3],[3,2],[4,3],[5,2],[4,2]]
SAUSTEN-[[0,4],[1,4],[2,3],[3,2],[4,3],[5,2],[6,3]]
ELKES-[[4,0],[3,1],[3,0],[4,1],[3,2]]
ELKES-[[4,0],[3,1],[3,0],[4,1],[5,0]]
SAUSTE-[[0,4],[1,4],[2,3],[3,2],[4,2],[5,3]]
SAUSTE-[[0,4],[1,4],[2,3],[3,2],[4,2],[5,2]]
SAUSTE-[[0,4],[1,4],[2,3],[3,2],[4,2],[4,1]]
SAUSTET-[[0,4],[1,4],[2,3],[3,2],[4,2],[5,3],[4,3]]
SAUSTEN-[[0,4],[1,4],[2,3],[3,2],[4,2],[5,3],[6,3]]
SAUSTET-[[0,4],[1,4],[2,3],[3,2],[4,2],[5,2],[4,3]]
SAUSTEN-[[0,4],[1,4],[2,3],[3,2],[4,2],[5,2],[6,3]]
STACHUS-[[0,3],[1,3],[1,4],[1,5],[2,4],[2,3],[3,2]]
SAUSTEST-[[0,4],[1,4],[2,3],[3,2],[4,2],[4,1],[5,0],[6,0]]
STAHL-[[0,3],[1,3],[1,4],[2,5],[3,5]]
WUSEL-[[2,2],[2,3],[3,2],[4,1],[3,1]]
WUSELE-[[2,2],[2,3],[3,2],[4,1],[3,1],[2,1]]
WUSELT-[[2,2],[2,3],[3,2],[4,1],[3,1],[4,2]]
WUSELE-[[2,2],[2,3],[3,2],[4,1],[3,1],[4,0]]
STAHLEN-[[0,3],[1,3],[1,4],[2,5],[3,5],[4,4],[3,4]]
STAHLEN-[[0,3],[1,3],[1,4],[2,5],[3,5],[4,4],[5,5]]
WUSELTE-[[2,2],[2,3],[3,2],[4,1],[3,1],[4,2],[5,3]]
WUSELTE-[[2,2],[2,3],[3,2],[4,1],[3,1],[4,2],[5,2]]
WUSELTET-[[2,2],[2,3],[3,2],[4,1],[3,1],[4,2],[5,3],[4,3]]
WUSELTEN-[[2,2],[2,3],[3,2],[4,1],[3,1],[4,2],[5,3],[6,3]]
WUSELTET-[[2,2],[2,3],[3,2],[4,1],[3,1],[4,2],[5,2],[4,3]]
WUSELTEN-[[2,2],[2,3],[3,2],[4,1],[3,1],[4,2],[5,2],[6,3]]
SAUSEST-[[0,4],[1,4],[2,3],[3,2],[4,1],[5,0],[6,0]]
WUSLE-[[2,2],[2,3],[3,2],[3,1],[2,1]]
WUSLE-[[2,2],[2,3],[3,2],[3,1],[4,1]]
WUSLE-[[2,2],[2,3],[3,2],[3,1],[4,0]]
STAHL-[[0,3],[1,3],[1,4],[2,4],[3,5]]
STAHLEN-[[0,3],[1,3],[1,4],[2,4],[3,5],[4,4],[3,4]]
STAHLEN-[[0,3],[1,3],[1,4],[2,4],[3,5],[4,4],[5,5]]
KLEE-[[3,0],[3,1],[2,1],[1,0]]
WUSEL-[[2,2],[2,3],[3,2],[2,1],[1,1]]
WUSEL-[[2,2],[2,3],[3,2],[2,1],[3,1]]
WUSELE-[[2,2],[2,3],[3,2],[2,1],[1,1],[1,0]]
WUSELT-[[2,2],[2,3],[3,2],[2,1],[1,1],[0,0]]
WUSELTE-[[2,2],[2,3],[3,2],[2,1],[1,1],[0,0],[1,0]]
WUSELT-[[2,2],[2,3],[3,2],[2,1],[3,1],[4,2]]
WUSELE-[[2,2],[2,3],[3,2],[2,1],[3,1],[4,1]]
WUSELE-[[2,2],[2,3],[3,2],[2,1],[3,1],[4,0]]
WUSELTE-[[2,2],[2,3],[3,2],[2,1],[3,1],[4,2],[5,3]]
WUSELTE-[[2,2],[2,3],[3,2],[2,1],[3,1],[4,2],[5,2]]
WUSELTE-[[2,2],[2,3],[3,2],[2,1],[3,1],[4,2],[4,1]]
WUSELTET-[[2,2],[2,3],[3,2],[2,1],[3,1],[4,2],[5,3],[4,3]]
WUSELTEN-[[2,2],[2,3],[3,2],[2,1],[3,1],[4,2],[5,3],[6,3]]
WUSELTET-[[2,2],[2,3],[3,2],[2,1],[3,1],[4,2],[5,2],[4,3]]
WUSELTEN-[[2,2],[2,3],[3,2],[2,1],[3,1],[4,2],[5,2],[6,3]]
WUSELTEST-[[2,2],[2,3],[3,2],[2,1],[3,1],[4,2],[4,1],[5,0],[6,0]]
SEELE-[[5,0],[4,1],[4,0],[3,1],[2,1]]
AUF-[[1,2],[2,3],[3,3]]
AUS-[[1,2],[2,3],[3,2]]
AUTO-[[1,2],[2,3],[1,3],[0,2]]
STAUS-[[0,3],[1,3],[1,4],[2,3],[3,2]]
STAUNE-[[0,3],[1,3],[1,4],[2,3],[3,4],[4,4]]
STAUNT-[[0,3],[1,3],[1,4],[2,3],[3,4],[4,3]]
STAUNEN-[[0,3],[1,3],[1,4],[2,3],[3,4],[4,4],[5,5]]
STAUNTE-[[0,3],[1,3],[1,4],[2,3],[3,4],[4,3],[4,4]]
STAUNTE-[[0,3],[1,3],[1,4],[2,3],[3,4],[4,3],[5,3]]
STAUNTE-[[0,3],[1,3],[1,4],[2,3],[3,4],[4,3],[5,2]]
STAUNTEN-[[0,3],[1,3],[1,4],[2,3],[3,4],[4,3],[4,4],[5,5]]
STAUNTEN-[[0,3],[1,3],[1,4],[2,3],[3,4],[4,3],[5,3],[6,3]]
STAUNTET-[[0,3],[1,3],[1,4],[2,3],[3,4],[4,3],[5,3],[4,2]]
STAUNTET-[[0,3],[1,3],[1,4],[2,3],[3,4],[4,3],[5,2],[4,2]]
STAUNTEN-[[0,3],[1,3],[1,4],[2,3],[3,4],[4,3],[5,2],[6,3]]
STAUST-[[0,3],[1,3],[1,4],[2,3],[3,2],[4,3]]
STAUST-[[0,3],[1,3],[1,4],[2,3],[3,2],[4,2]]
ENG-[[4,4],[5,5],[4,5]]
ENGL-[[4,4],[5,5],[4,5],[3,5]]
ENGL-[[4,4],[5,5],[4,5],[5,4]]
STAUSEE-[[0,3],[1,3],[1,4],[2,3],[3,2],[4,1],[5,2]]
STAUSEE-[[0,3],[1,3],[1,4],[2,3],[3,2],[4,1],[4,0]]
STAUSEEN-[[0,3],[1,3],[1,4],[2,3],[3,2],[4,1],[5,2],[6,3]]
STAUSEE-[[0,3],[1,3],[1,4],[2,3],[3,2],[2,1],[1,0]]
DEN-[[5,1],[5,2],[6,3]]
STAUWERK-[[0,3],[1,3],[1,4],[2,3],[2,2],[2,1],[2,0],[3,0]]
AHLE-[[1,4],[2,4],[3,5],[4,4]]
SEKRET-[[5,0],[4,1],[3,0],[2,0],[1,0],[0,0]]
REALO-[[2,0],[2,1],[1,2],[1,1],[0,2]]
REALE-[[2,0],[2,1],[1,2],[1,1],[1,0]]
REALOS-[[2,0],[2,1],[1,2],[1,1],[0,2],[0,3]]
AUTOS-[[1,2],[2,3],[1,3],[0,2],[0,3]]
TEE-[[4,2],[5,3],[4,4]]
TEL-[[4,2],[5,3],[5,4]]
TEE-[[4,2],[5,3],[6,4]]
TEE-[[4,2],[5,3],[5,2]]
AHLEN-[[1,4],[2,4],[3,5],[4,4],[3,4]]
AHLEN-[[1,4],[2,4],[3,5],[4,4],[5,5]]
STEG-[[3,2],[4,3],[4,4],[4,5]]
OZ-[[0,2],[0,3],[1,3],[1,2],[1,1],[0,1],[1,0],[0,0],[1,0],[0,0],[1,0],[0,0],[1,0],[0,0],[1,0],[0,0],[2,1],[2,0]]
SO-[[0,3],[0,4],[1,4],[1,3],[1,2],[0,2],[1,1],[0,1],[1,1],[0,1],[1,1],[0,1],[1,1],[0,1],[1,1],[0,1],[1,0],[0,0],[1,0],[0,0],[1,0],[0,0],[1,0],[0,0],[2,2],[2,1],[2,0],[1,0],[0,0]]
SO-[[0,3],[0,4],[1,4],[1,3],[1,2],[0,2],[1,1],[0,1],[1,1],[0,1],[1,1],[0,1],[1,1],[0,1],[1,1],[0,1],[1,0],[0,0],[1,0],[0,0],[1,0],[0,0],[1,0],[0,0],[2,2],[2,1],[2,0],[1,0],[0,0]]
SO-[[0,3],[0,4],[1,4],[1,3],[1,2],[0,2],[1,1],[0,1],[1,1],[0,1],[1,1],[0,1],[1,1],[0,1],[1,1],[0,1],[1,0],[0,0],[1,0],[0,0],[1,0],[0,0],[1,0],[0,0],[2,2],[2,1],[2,0],[1,0],[0,0]]
SO-[[0,3],[0,4],[1,4],[1,3],[1,2],[0,2],[1,1],[0,1],[1,1],[0,1],[1,1],[0,1],[1,1],[0,1],[1,1],[0,1],[1,0],[0,0],[1,0],[0,0],[1,0],[0,0],[1,0],[0,0],[2,2],[2,1],[2,0],[1,0],[0,0]]
SS-[[0,4],[0,5],[1,5],[1,4],[1,3],[0,3],[1,2],[0,2],[1,2],[0,2],[1,2],[0,2],[1,2],[0,2],[1,2],[0,2],[1,1],[0,1],[1,1],[0,1],[1,1],[0,1],[1,1],[0,1],[2,3],[2,2],[2,1],[1,1],[0,1]]
SS-[[0,4],[0,5],[1,5],[1,4],[1,3],[0,3],[1,2],[0,2],[1,2],[0,2],[1,2],[0,2],[1,2],[0,2],[1,2],[0,2],[1,1],[0,1],[1,1],[0,1],[1,1],[0,1],[1,1],[0,1],[2,3],[2,2],[2,1],[1,1],[0,1]]
ES-[[0,5],[1,5],[1,4],[0,4],[1,3],[0,3],[1,3],[0,3],[1,3],[0,3],[1,2],[0,2],[1,2],[0,2],[1,2],[0,2],[1,2],[0,2],[1,2],[0,2],[1,2],[0,2],[0,2],[2,3],[2,2],[2,1],[1,1],[0,1]]
ER-[[1,0],[0,0],[0,1],[1,1],[2,1],[2,0],[3,1],[3,0],[3,1],[3,0],[3,1],[3,0],[3,1],[3,0],[3,1],[3,0],[4,1],[4,0],[4,1],[4,0],[4,1],[4,0],[4,1],[4,0],[2,2],[3,2],[4,2],[4,1],[4,0]]
ER-[[1,0],[0,0],[0,1],[1,1],[2,1],[2,0],[3,1],[3,0],[3,1],[3,0],[3,1],[3,0],[3,1],[3,0],[3,1],[3,0],[4,1],[4,0],[4,1],[4,0],[4,1],[4,0],[4,1],[4,0],[2,2],[3,2],[4,2],[4,1],[4,0]]
LT-[[1,1],[0,1],[0,2],[1,2],[2,2],[2,1],[2,0],[1,0],[0,0]]
AZ-[[1,2],[0,2],[0,3],[1,3],[2,3],[2,2],[2,1],[1,1],[0,1],[1,0],[0,0],[1,0],[0,0],[1,0],[0,0],[1,0],[0,0],[1,0],[0,0],[1,0],[0,0],[1,0],[0,0],[1,0],[0,0]]
AZ-[[1,2],[0,2],[0,3],[1,3],[2,3],[2,2],[2,1],[1,1],[0,1],[1,0],[0,0],[1,0],[0,0],[1,0],[0,0],[1,0],[0,0],[1,0],[0,0],[1,0],[0,0],[1,0],[0,0],[1,0],[0,0]]
TO-[[1,3],[0,3],[0,4],[1,4],[2,4],[2,3],[2,2],[1,2],[0,2],[1,1],[0,1],[1,1],[0,1],[1,1],[0,1],[1,1],[0,1],[1,1],[0,1],[1,1],[0,1],[1,1],[0,1],[1,1],[0,1],[1,0],[0,0],[1,0],[0,0]]
AS-[[1,4],[0,4],[0,5],[1,5],[2,5],[2,4],[2,3],[1,3],[0,3],[1,2],[0,2],[1,2],[0,2],[1,2],[0,2],[1,2],[0,2],[1,2],[0,2],[1,2],[0,2],[1,2],[0,2],[1,2],[0,2],[1,1],[0,1],[1,1],[0,1]]
AS-[[1,4],[0,4],[0,5],[1,5],[2,5],[2,4],[2,3],[1,3],[0,3],[1,2],[0,2],[1,2],[0,2],[1,2],[0,2],[1,2],[0,2],[1,2],[0,2],[1,2],[0,2],[1,2],[0,2],[1,2],[0,2],[1,1],[0,1],[1,1],[0,1]]
CS-[[1,5],[0,5],[2,5],[2,4],[1,4],[0,4],[1,3],[0,3],[1,3],[0,3],[1,3],[0,3],[1,3],[0,3],[1,3],[0,3],[1,2],[0,2],[1,2],[0,2],[1,2],[0,2],[1,2],[0,2],[2,3],[2,2],[1,2],[0,2]]
CS-[[1,5],[0,5],[2,5],[2,4],[1,4],[0,4],[1,3],[0,3],[1,3],[0,3],[1,3],[0,3],[1,3],[0,3],[1,3],[0,3],[1,2],[0,2],[1,2],[0,2],[1,2],[0,2],[1,2],[0,2],[2,3],[2,2],[1,2],[0,2]]
CS-[[1,5],[0,5],[2,5],[2,4],[1,4],[0,4],[1,3],[0,3],[1,3],[0,3],[1,3],[0,3],[1,3],[0,3],[1,3],[0,3],[1,2],[0,2],[1,2],[0,2],[1,2],[0,2],[1,2],[0,2],[2,3],[2,2],[1,2],[0,2]]
EE-[[2,1],[1,1],[1,2],[2,2],[3,2],[3,1],[3,0],[2,0],[1,0],[0,0],[0,1],[0,0],[0,1],[0,0],[0,1],[0,0],[0,1],[0,0],[0,1],[0,0],[0,1],[0,0],[0,1],[0,0],[0,1],[0,2],[0,2]]
EE-[[2,1],[1,1],[1,2],[2,2],[3,2],[3,1],[3,0],[2,0],[1,0],[0,0],[0,1],[0,0],[0,1],[0,0],[0,1],[0,0],[0,1],[0,0],[0,1],[0,0],[0,1],[0,0],[0,1],[0,0],[0,1],[0,2],[0,2]]
UA-[[2,3],[1,3],[1,4],[2,4],[3,4],[3,3],[3,2],[2,2],[1,2],[0,2],[0,3],[2,1],[1,1],[0,1],[0,2],[0,3],[2,1],[1,1],[0,1],[0,2],[0,3],[2,1],[1,1],[0,1],[0,2],[0,3],[2,1],[1,1],[0,1],[0,2],[0,3],[2,1],[1,1],[0,1],[0,2],[0,3],[2,1],[1,1],[0,1],[0,2],[0,3],[2,1],[1,1],[0,1],[0,2],[0,3],[2,1],[1,1],[0,1],[0,4],[0,4]]
UA-[[2,3],[1,3],[1,4],[2,4],[3,4],[3,3],[3,2],[2,2],[1,2],[0,2],[0,3],[2,1],[1,1],[0,1],[0,2],[0,3],[2,1],[1,1],[0,1],[0,2],[0,3],[2,1],[1,1],[0,1],[0,2],[0,3],[2,1],[1,1],[0,1],[0,2],[0,3],[2,1],[1,1],[0,1],[0,2],[0,3],[2,1],[1,1],[0,1],[0,2],[0,3],[2,1],[1,1],[0,1],[0,2],[0,3],[2,1],[1,1],[0,1],[0,4],[0,4]]
LR-[[3,1],[2,1],[2,2],[3,2],[4,2],[4,1],[4,0],[3,0],[2,0],[1,0],[1,1],[1,0],[1,1],[1,0],[1,1],[1,0],[1,1],[1,0],[1,1],[1,0],[1,1],[1,0],[1,1],[1,0],[1,1],[0,1],[0,2],[1,2],[0,0],[0,1],[0,2],[1,2],[0,0]]
SE-[[3,2],[2,2],[2,3],[3,3],[4,3],[4,2],[4,1],[3,1],[2,1],[1,1],[1,2],[3,0],[2,0],[1,0],[1,1],[1,2],[3,0],[2,0],[1,0],[1,1],[1,2],[3,0],[2,0],[1,0],[1,1],[1,2],[3,0],[2,0],[1,0],[1,1],[1,2],[3,0],[2,0],[1,0],[1,1],[1,2],[3,0],[2,0],[1,0],[1,1],[1,2],[3,0],[2,0],[1,0],[1,1],[1,2],[3,0],[2,0],[1,0],[0,2],[0,3],[1,3],[0,1],[0,2],[0,3],[1,3],[0,1]]
SE-[[3,2],[2,2],[2,3],[3,3],[4,3],[4,2],[4,1],[3,1],[2,1],[1,1],[1,2],[3,0],[2,0],[1,0],[1,1],[1,2],[3,0],[2,0],[1,0],[1,1],[1,2],[3,0],[2,0],[1,0],[1,1],[1,2],[3,0],[2,0],[1,0],[1,1],[1,2],[3,0],[2,0],[1,0],[1,1],[1,2],[3,0],[2,0],[1,0],[1,1],[1,2],[3,0],[2,0],[1,0],[1,1],[1,2],[3,0],[2,0],[1,0],[0,2],[0,3],[1,3],[0,1],[0,2],[0,3],[1,3],[0,1]]
NU-[[3,4],[2,4],[2,5],[3,5],[4,5],[4,4],[4,3],[3,3],[2,3],[1,3],[1,4],[3,2],[2,2],[1,2],[1,3],[1,4],[3,2],[2,2],[1,2],[1,3],[1,4],[3,2],[2,2],[1,2],[1,3],[1,4],[3,2],[2,2],[1,2],[1,3],[1,4],[3,2],[2,2],[1,2],[1,3],[1,4],[3,2],[2,2],[1,2],[1,3],[1,4],[3,2],[2,2],[1,2],[1,3],[1,4],[3,2],[2,2],[1,2],[0,4],[0,5],[1,5],[0,3],[0,4],[0,5],[1,5],[0,3]]
NU-[[3,4],[2,4],[2,5],[3,5],[4,5],[4,4],[4,3],[3,3],[2,3],[1,3],[1,4],[3,2],[2,2],[1,2],[1,3],[1,4],[3,2],[2,2],[1,2],[1,3],[1,4],[3,2],[2,2],[1,2],[1,3],[1,4],[3,2],[2,2],[1,2],[1,3],[1,4],[3,2],[2,2],[1,2],[1,3],[1,4],[3,2],[2,2],[1,2],[1,3],[1,4],[3,2],[2,2],[1,2],[1,3],[1,4],[3,2],[2,2],[1,2],[0,4],[0,5],[1,5],[0,3],[0,4],[0,5],[1,5],[0,3]]
ES-[[4,0],[3,0],[3,1],[4,1],[5,1],[5,0],[6,1],[6,0],[6,1],[6,0],[6,1],[6,0],[6,1],[6,0],[6,1],[6,0],[5,2],[6,2]]
EK-[[4,1],[3,1],[3,2],[4,2],[5,2],[5,1],[5,0],[4,0],[3,0],[2,0],[2,1],[2,0],[2,1],[2,0],[2,1],[2,0],[2,1],[2,0],[2,1],[2,0],[2,1],[2,0],[2,1],[2,0],[2,1],[1,1],[1,2],[2,2],[1,0],[1,1],[1,2],[2,2],[1,0]]
EK-[[4,1],[3,1],[3,2],[4,2],[5,2],[5,1],[5,0],[4,0],[3,0],[2,0],[2,1],[2,0],[2,1],[2,0],[2,1],[2,0],[2,1],[2,0],[2,1],[2,0],[2,1],[2,0],[2,1],[2,0],[2,1],[1,1],[1,2],[2,2],[1,0],[1,1],[1,2],[2,2],[1,0]]
EK-[[4,1],[3,1],[3,2],[4,2],[5,2],[5,1],[5,0],[4,0],[3,0],[2,0],[2,1],[2,0],[2,1],[2,0],[2,1],[2,0],[2,1],[2,0],[2,1],[2,0],[2,1],[2,0],[2,1],[2,0],[2,1],[1,1],[1,2],[2,2],[1,0],[1,1],[1,2],[2,2],[1,0]]
EF-[[4,4],[3,4],[3,5],[4,5],[5,5],[5,4],[5,3],[4,3],[3,3],[2,3],[2,4],[4,2],[3,2],[2,2],[2,3],[2,4],[4,2],[3,2],[2,2],[2,3],[2,4],[4,2],[3,2],[2,2],[2,3],[2,4],[4,2],[3,2],[2,2],[2,3],[2,4],[4,2],[3,2],[2,2],[2,3],[2,4],[4,2],[3,2],[2,2],[2,3],[2,4],[4,2],[3,2],[2,2],[2,3],[2,4],[4,2],[3,2],[2,2],[1,4],[1,5],[2,5],[1,3],[1,4],[1,5],[2,5],[1,3]]
EF-[[4,4],[3,4],[3,5],[4,5],[5,5],[5,4],[5,3],[4,3],[3,3],[2,3],[2,4],[4,2],[3,2],[2,2],[2,3],[2,4],[4,2],[3,2],[2,2],[2,3],[2,4],[4,2],[3,2],[2,2],[2,3],[2,4],[4,2],[3,2],[2,2],[2,3],[2,4],[4,2],[3,2],[2,2],[2,3],[2,4],[4,2],[3,2],[2,2],[2,3],[2,4],[4,2],[3,2],[2,2],[2,3],[2,4],[4,2],[3,2],[2,2],[1,4],[1,5],[2,5],[1,3],[1,4],[1,5],[2,5],[1,3]]
ST-[[5,0],[4,0],[4,1],[5,1],[6,1],[6,0]]
DE-[[5,1],[4,1],[4,2],[5,2],[6,2],[6,1],[6,0],[5,0],[4,0],[3,0],[3,1],[3,0],[3,1],[3,0],[3,1],[3,0],[3,1],[3,0],[3,1],[3,0],[3,1],[3,0],[3,1],[3,0],[3,1],[2,1],[2,2],[3,2],[2,0],[2,1],[2,2],[3,2],[2,0]]
DE-[[5,1],[4,1],[4,2],[5,2],[6,2],[6,1],[6,0],[5,0],[4,0],[3,0],[3,1],[3,0],[3,1],[3,0],[3,1],[3,0],[3,1],[3,0],[3,1],[3,0],[3,1],[3,0],[3,1],[3,0],[3,1],[2,1],[2,2],[3,2],[2,0],[2,1],[2,2],[3,2],[2,0]]
DE-[[5,1],[4,1],[4,2],[5,2],[6,2],[6,1],[6,0],[5,0],[4,0],[3,0],[3,1],[3,0],[3,1],[3,0],[3,1],[3,0],[3,1],[3,0],[3,1],[3,0],[3,1],[3,0],[3,1],[3,0],[3,1],[2,1],[2,2],[3,2],[2,0],[2,1],[2,2],[3,2],[2,0]]
DE-[[5,1],[4,1],[4,2],[5,2],[6,2],[6,1],[6,0],[5,0],[4,0],[3,0],[3,1],[3,0],[3,1],[3,0],[3,1],[3,0],[3,1],[3,0],[3,1],[3,0],[3,1],[3,0],[3,1],[3,0],[3,1],[2,1],[2,2],[3,2],[2,0],[2,1],[2,2],[3,2],[2,0]]
DE-[[5,1],[4,1],[4,2],[5,2],[6,2],[6,1],[6,0],[5,0],[4,0],[3,0],[3,1],[3,0],[3,1],[3,0],[3,1],[3,0],[3,1],[3,0],[3,1],[3,0],[3,1],[3,0],[3,1],[3,0],[3,1],[2,1],[2,2],[3,2],[2,0],[2,1],[2,2],[3,2],[2,0]]
EE-[[5,2],[4,2],[4,3],[5,3],[6,3],[6,2],[6,1],[5,1],[4,1],[3,1],[3,2],[5,0],[4,0],[3,0],[3,1],[3,2],[5,0],[4,0],[3,0],[3,1],[3,2],[5,0],[4,0],[3,0],[3,1],[3,2],[5,0],[4,0],[3,0],[3,1],[3,2],[5,0],[4,0],[3,0],[3,1],[3,2],[5,0],[4,0],[3,0],[3,1],[3,2],[5,0],[4,0],[3,0],[3,1],[3,2],[5,0],[4,0],[3,0],[2,2],[2,3],[3,3],[2,1],[2,2],[2,3],[3,3],[2,1]]
EE-[[5,2],[4,2],[4,3],[5,3],[6,3],[6,2],[6,1],[5,1],[4,1],[3,1],[3,2],[5,0],[4,0],[3,0],[3,1],[3,2],[5,0],[4,0],[3,0],[3,1],[3,2],[5,0],[4,0],[3,0],[3,1],[3,2],[5,0],[4,0],[3,0],[3,1],[3,2],[5,0],[4,0],[3,0],[3,1],[3,2],[5,0],[4,0],[3,0],[3,1],[3,2],[5,0],[4,0],[3,0],[3,1],[3,2],[5,0],[4,0],[3,0],[2,2],[2,3],[3,3],[2,1],[2,2],[2,3],[3,3],[2,1]]
ET-[[5,3],[4,3],[4,4],[5,4],[6,4],[6,3],[6,2],[5,2],[4,2],[3,2],[3,3],[5,1],[4,1],[3,1],[3,2],[3,3],[5,1],[4,1],[3,1],[3,2],[3,3],[5,1],[4,1],[3,1],[3,2],[3,3],[5,1],[4,1],[3,1],[3,2],[3,3],[5,1],[4,1],[3,1],[3,2],[3,3],[5,1],[4,1],[3,1],[3,2],[3,3],[5,1],[4,1],[3,1],[3,2],[3,3],[5,1],[4,1],[3,1],[2,3],[2,4],[3,4],[2,2],[2,3],[2,4],[3,4],[2,2]]
ET-[[5,3],[4,3],[4,4],[5,4],[6,4],[6,3],[6,2],[5,2],[4,2],[3,2],[3,3],[5,1],[4,1],[3,1],[3,2],[3,3],[5,1],[4,1],[3,1],[3,2],[3,3],[5,1],[4,1],[3,1],[3,2],[3,3],[5,1],[4,1],[3,1],[3,2],[3,3],[5,1],[4,1],[3,1],[3,2],[3,3],[5,1],[4,1],[3,1],[3,2],[3,3],[5,1],[4,1],[3,1],[3,2],[3,3],[5,1],[4,1],[3,1],[2,3],[2,4],[3,4],[2,2],[2,3],[2,4],[3,4],[2,2]]
LT-[[5,4],[4,4],[4,5],[5,5],[6,5],[6,4],[6,3],[5,3],[4,3],[3,3],[3,4],[5,2],[4,2],[3,2],[3,3],[3,4],[5,2],[4,2],[3,2],[3,3],[3,4],[5,2],[4,2],[3,2],[3,3],[3,4],[5,2],[4,2],[3,2],[3,3],[3,4],[5,2],[4,2],[3,2],[3,3],[3,4],[5,2],[4,2],[3,2],[3,3],[3,4],[5,2],[4,2],[3,2],[3,3],[3,4],[5,2],[4,2],[3,2],[2,4],[2,5],[3,5],[2,3],[2,4],[2,5],[3,5],[2,3]]
NE-[[5,5],[4,5],[6,5],[6,4],[5,4],[4,4],[3,4],[3,5],[5,3],[4,3],[3,3],[3,4],[3,5],[5,3],[4,3],[3,3],[3,4],[3,5],[5,3],[4,3],[3,3],[3,4],[3,5],[5,3],[4,3],[3,3],[3,4],[3,5],[5,3],[4,3],[3,3],[2,3],[2,4],[4,2],[3,2],[2,2],[2,3],[2,4],[4,2],[3,2],[2,2],[2,3],[2,4],[4,2],[3,2],[2,2],[2,3],[2,4],[4,2],[3,2],[2,2],[2,3],[2,4],[4,2],[3,2],[2,2]]
ES-[[6,1],[5,1],[5,2],[6,2],[6,0],[5,0],[4,0],[4,1],[4,0],[4,1],[4,0],[4,1],[4,0],[4,1],[4,0],[4,1],[3,1],[3,2],[4,2],[3,0],[3,1],[3,2],[4,2],[3,0],[3,1],[3,2],[4,2],[3,0],[3,1],[3,2],[4,2],[3,0],[3,0],[3,1]]
ES-[[6,1],[5,1],[5,2],[6,2],[6,0],[5,0],[4,0],[4,1],[4,0],[4,1],[4,0],[4,1],[4,0],[4,1],[4,0],[4,1],[3,1],[3,2],[4,2],[3,0],[3,1],[3,2],[4,2],[3,0],[3,1],[3,2],[4,2],[3,0],[3,1],[3,2],[4,2],[3,0],[3,0],[3,1]]
AD-[[6,2],[5,2],[5,3],[6,3],[6,1],[5,1],[4,1],[4,2],[6,0],[5,0],[4,0],[4,1],[4,2],[6,0],[5,0],[4,0],[4,1],[4,2],[6,0],[5,0],[4,0],[4,1],[4,2],[6,0],[5,0],[4,0],[4,1],[4,2],[6,0],[5,0],[4,0],[3,0],[3,1],[3,0],[3,1],[3,0],[3,1],[3,0],[3,1],[3,0],[3,1]]
AD-[[6,2],[5,2],[5,3],[6,3],[6,1],[5,1],[4,1],[4,2],[6,0],[5,0],[4,0],[4,1],[4,2],[6,0],[5,0],[4,0],[4,1],[4,2],[6,0],[5,0],[4,0],[4,1],[4,2],[6,0],[5,0],[4,0],[4,1],[4,2],[6,0],[5,0],[4,0],[3,0],[3,1],[3,0],[3,1],[3,0],[3,1],[3,0],[3,1],[3,0],[3,1]]
NE-[[6,3],[5,3],[5,4],[6,4],[6,2],[5,2],[4,2],[4,3],[6,1],[5,1],[4,1],[4,2],[4,3],[6,1],[5,1],[4,1],[4,2],[4,3],[6,1],[5,1],[4,1],[4,2],[4,3],[6,1],[5,1],[4,1],[4,2],[4,3],[6,1],[5,1],[4,1],[3,1],[3,2],[5,0],[4,0],[3,0],[3,1],[3,2],[5,0],[4,0],[3,0],[3,1],[3,2],[5,0],[4,0],[3,0],[3,1],[3,2],[5,0],[4,0],[3,0],[3,1],[3,2],[5,0],[4,0],[3,0]]
